w 20
h 15
c 0 1 5
c 0 4 8
c 0 8 13
c 0 12 10
c 0 15 10
c 0 17 6
c 1 5 6
c 1 6 5
c 1 13 6
c 1 17 5
c 2 7 2
c 2 18 10
c 3 0 3
c 3 4 12
c 3 17 5
c 3 18 4
c 4 3 8
c 4 4 12
c 4 11 7
c 4 13 10
c 5 10 14
c 5 14 9
c 6 1 7
c 6 8 7
c 6 16 4
c 6 18 4
c 7 7 4
c 7 12 13
c 8 1 3
c 8 3 5
c 8 11 16
c 8 18 4
c 9 5 7
c 9 9 14
c 10 6 14
c 10 8 13
c 10 15 12
c 10 16 11
c 11 1 8
c 11 2 4
c 11 15 15
c 11 19 12
c 12 1 5
c 12 12 7
c 13 2 6
c 13 6 5
c 13 13 13
c 13 14 16
c 14 2 11
c 14 4 12
c 14 7 10
c 14 11 9
c 14 15 2
c 14 18 4
